c
x =

   0.69171   0.38295
   0.54654   0.38986
   0.31382   0.66636
   0.38295   0.73318

y =

   0.69171   0.38295
   0.54654   0.38986
   0.31382   0.66636
   0.38295   0.73318

r
x =

   0.36912   0.36912   0.53041
   0.37604   0.41521   0.59263
   0.36682   0.45438   0.62258
   0.36682   0.53041   0.64793

y =

   0.36912   0.36912   0.53041
   0.37604   0.41521   0.59263
   0.36682   0.45438   0.62258
   0.36682   0.53041   0.64793

z
x =

   0.31152   0.65253   0.32074   0.43825
   0.42212   0.56267   0.44977   0.50276
   0.69171   0.29770   0.68249   0.55576
   0.65253   0.32074   0.68249   0.55576

y =

   0.31152   0.65253   0.32074   0.43825
   0.42212   0.56267   0.44977   0.50276
   0.69171   0.29770   0.68249   0.55576
   0.65253   0.32074   0.68249   0.55576